puntuacion_matriz =

    0.8886
    0.8894
    0.8840
    0.6516
    0.8867
    0.8744
    0.8871
    0.8755
    0.8853
    0.8874